5 0.422354
10 0.541289
5 0.63716
10 0.552121
15 0.601607
20 1.11253
25 0.876359
30 0.702108
35 0.712436
40 1.39743
45 0.722538
50 0.991508
55 0.755892
60 1.407
65 0.771988
70 0.767153
75 1.02353
80 1.54514
85 0.817594
90 1.07438
95 0.894508
100 1.65402
200 2.46939
300 2.29283
400 1.8688
500 2.81233
600 6.61815
700 8.40498
800 2.22476
900 10.9452
1000 12.316
5 0.638018
10 0.559115
15 0.566405
20 1.12571
25 0.787727
30 0.711845
35 0.723753
40 1.40864
45 0.730809
50 0.985908
55 0.76441
60 1.40633
65 0.795202
70 0.787869
75 1.0707
80 1.70343
85 0.853028
90 1.17456
5 0.668476
10 0.588511
15 0.634514
20 1.21018
25 0.829062
30 0.76834
5 0.648711
10 0.537912
15 0.584035
20 1.20121
25 0.80428
30 0.711406
