5 2.305e-05
10 6.7e-07
15 6.8e-07
5 0.002989
10 7e-05
15 6.7e-05
20 6.7e-05
25 6.7e-05
30 7.2e-05
35 6.9e-05
40 6.7e-05
45 6.9e-05
50 6.7e-05
55 7.6e-05
60 6.7e-05
65 6.9e-05
70 6.7e-05
75 6.8e-05
80 6.6e-05
85 6.9e-05
90 6.7e-05
95 6.9e-05
100 7e-05
200 6.9e-05
300 6.7e-05
400 7.6e-05
500 7e-05
600 6.7e-05
700 6.9e-05
800 6.8e-05
900 8e-05
1000 6.9e-05
5 0.002142
10 7.4e-05
15 7.8e-05
20 6.7e-05
25 6.7e-05
30 6.7e-05
35 6.7e-05
40 7.1e-05
45 7.1e-05
50 8.2e-05
55 6.7e-05
60 6.7e-05
65 7.8e-05
70 7.5e-05
75 6.8e-05
80 7.6e-05
85 7.5e-05
90 8e-05
5 2.5e-05
5 0.002541
10 7.3e-05
15 7.3e-05
20 8.2e-05
25 7.2e-05
30 6.9e-05
5 0.002094
10 7.2e-05
15 6.8e-05
20 7.1e-05
25 6.8e-05
30 6.7e-05
